355
9732 19
34279 70399 68587 45457 91031 23745 46395 59657 14832 27469 25547 16150 21619 30621 97694 5122 97489 23923 50564
1764 19
47404 44025 11406 54107 77315 56196 14379 13065 21325 65649 48550 20779 64281 56758 14640 56985 12587 65781 12597
3928 20
11109 30902 32229 67684 20790 1040 99984 79929 45529 81414 94388 98055 36372 27612 49155 15018 75480 76960 41979 88388
5065 19
28614 71471 311 20130 3096 63892 9950 77520 6870 32542 99038 71880 69453 28703 62380 40458 89812 75917 99758
5294 20
87435 95852 78899 16698 28350 78911 22848 93883 98765 42723 35912 93228 80627 24523 77661 22139 99504 48322 48438 14456
1133 20
89093 67618 35861 21741 41625 20269 80544 48670 20708 4635 23940 84375 41188 87020 6023 50898 23045 24559 22869 28103
1465 20
71796 74811 30721 29361 82355 6159 81711 96 33539 50666 52286 38758 78843 44199 45149 10613 7543 90912 19036 18009
9692 17
991 90107 94674 59362 89000 4046 38246 70740 10196 45235 53196 17138 12574 49181 6893 44492 95232
4401 17
92631 10694 90009 96546 176 12535 91057 13369 8449 55061 27963 40054 89240 66987 53624 55517 2498
2631 20
28844 48846 91910 46628 51443 95646 27196 72913 53154 86463 41551 63405 98470 65968 49839 92325 39248 72613 11334 30747
6910 20
29866 84035 1819 1461 68231 59656 24360 34096 77514 92039 29904 15432 42546 74100 15916 30148 83844 79901 10629 72794
6112 19
57834 78666 6901 47382 21317 95722 96465 1051 54018 13248 87586 27539 95625 86659 31668 40142 61716 93072 71160
5763 20
78572 68800 94605 53371 95236 59364 69478 59160 66230 24823 86642 66108 71306 53009 63137 37166 75194 76502 26444 25576
2044 20
39554 69029 27066 25945 29958 92294 79761 89068 7230 63471 69976 64546 71861 34336 2766 63723 90947 73699 59429 84863
2247 19
82702 38308 8131 30364 37130 75941 22281 48484 84230 68220 996 63658 33832 36357 68102 51686 81455 52810 12144
8736 20
21646 8865 94262 49650 85576 33504 66827 80692 33706 69455 38512 11859 350 5591 16084 90079 60008 51427 24446 25964
661 20
48941 87312 25973 32402 49350 77606 31489 55860 44823 83190 15297 46618 15973 26557 41272 50977 86001 5110 66405 9112
8046 20
19009 1801 67877 59572 13731 35624 23451 47686 80588 70965 93679 53756 53710 9462 70753 48638 89532 52846 51652 16932
2253 20
47500 55119 96855 71521 16297 225 16480 89202 41436 25107 77523 15369 97419 89178 40755 73192 43078 15113 37203 92577
5639 20
83004 9399 37394 54255 98037 56052 80119 47904 36910 48368 40505 35423 10915 34598 93994 3492 5820 18113 6993 24597
5053 19
59378 47759 45636 97335 25811 95967 10965 19673 93391 63193 73720 11913 37442 93125 56682 39551 97862 59427 25989
6370 20
33734 46583 32239 37690 18097 91160 93433 93870 427 88380 34253 94898 32566 84683 3501 43840 48312 60385 25601 40362
5172 20
57499 6742 17102 71104 51447 4624 57587 40985 78612 22553 52269 863 45727 70466 67828 52564 24432 8430 5955 32583
1949 20
24096 18968 82966 5658 63589 71256 98832 99686 52845 75188 21318 99572 7767 29512 46254 77607 96757 2883 41367 1416
4838 18
2538 23689 55672 73765 59719 23567 24674 13153 34714 86431 85362 24088 96093 57277 96055 92401 62082 52837
5883 18
30065 39790 85585 46693 52764 87478 4846 31854 68537 36814 64138 7641 83191 84184 97060 43798 5749 16870
1841 20
90937 21689 9497 77503 10323 76892 6586 37199 57389 95102 31189 92269 8138 2761 3036 84061 89534 99961 47022 66478
7901 19
83517 29644 51089 29395 83308 99186 26579 58602 57998 10970 2992 57830 46423 88339 18318 80845 16893 88594 72008
3523 20
61656 85122 92911 89143 49092 6594 66494 56113 40136 69437 22389 34807 672 39469 63837 46939 83589 82484 14623 55861
9717 20
34430 8818 83029 49619 31613 17131 31011 80746 80175 54700 24005 81030 89528 36358 53060 71094 87353 10492 17668 85268
9029 19
93249 86492 8174 87109 21238 14741 67865 90513 15784 54927 15282 67385 63312 73968 15325 9474 16128 76134 26710
3169 20
50325 21040 45464 21488 91815 27517 81404 61712 27591 88523 39686 14258 55535 47381 28600 68833 32833 83548 51699 97013
1364 20
22118 46785 61473 35016 53457 83629 67215 6637 50191 9703 16602 43337 13278 5480 36175 7442 78179 18075 31631 95115
1606 19
14572 16695 443 22806 70712 89988 87052 82204 73298 92791 70957 70198 74681 5223 81083 60313 93400 95307 81745
2392 19
5874 45798 19690 49985 62322 49173 13110 38070 20247 42608 27503 61950 48016 24706 50451 61279 9482 60584 95757
9242 19
49420 21470 54825 31590 74072 1941 37862 37102 86748 89260 26479 52262 78355 33400 29313 10725 42919 6430 3638
8964 20
35362 76338 17605 83880 80136 96959 80145 58163 15675 88448 4600 31142 9673 97490 43860 75538 93683 9849 53561 64755
4433 20
51203 68362 10802 64294 46541 94976 84020 53097 54230 63561 51197 12864 43036 23365 27731 38711 29276 19352 66206 66372
5006 20
54828 50106 30427 25614 43268 18289 54408 12938 53649 68314 21514 57867 6050 46101 76702 91079 95257 64415 39830 35815
1750 20
80077 74833 18814 97517 91723 91749 62902 84480 68603 70715 28733 68908 10305 11023 64392 7149 41618 3419 54370 44587
8181 19
82963 39996 15098 76450 34337 45999 80560 49564 56979 29408 7259 83126 52171 37489 59532 74272 23141 56597 40430
7072 19
3659 95521 23190 95736 39286 96718 80706 60880 17708 73842 23931 26289 52746 14344 90714 28666 96889 97556 72820
8301 20
8668 33035 59243 56580 68204 94550 60520 42833 25209 23887 91618 77553 79257 93091 77403 80421 73315 86813 79564 44378
9530 19
78919 70247 84206 30646 46332 5518 65930 71577 72234 27657 3263 94433 59229 83438 3782 8645 91234 71665 18334
3197 20
44100 59670 15359 14783 82717 46959 57086 99941 42164 1864 15294 85980 50515 14134 15037 30375 37650 43206 60699 56321
9619 19
53603 97570 81817 94054 8715 71889 99231 16869 67923 89384 74864 93670 4945 63514 41545 22074 59750 33053 66905
1141 17
92514 22460 90440 46144 22369 76387 83684 36138 75236 14213 61271 20032 97348 3452 22551 27304 17484
2829 19
27028 8252 85274 77091 91436 74154 82823 97725 85080 9546 41562 13207 85013 60182 97508 91369 56084 52043 96141
8408 19
23569 3312 82975 5279 16222 13455 9756 31076 63077 27938 4098 22006 35896 23584 69966 40222 47632 37821 46750
6977 17
66128 71114 32393 32183 70449 97203 75975 1942 48057 34286 26326 50143 99975 16614 99006 17293 70124
417 20
94957 53611 54617 1989 96586 6910 35858 93582 275 15324 66048 10368 24763 47041 99685 60189 23860 42052 67351 95889
5268 19
39324 38777 76981 82841 86087 35742 43629 76207 72659 44171 27271 86878 92722 18226 6354 9693 67509 36824 80163
4937 16
69022 679 51326 67566 99772 54222 33444 8708 17568 14118 13013 82694 32368 40547 10949 42958
3996 20
51051 57060 58993 43290 1780 55704 70919 35666 47535 75272 87377 84099 80609 87655 61597 92155 51006 93675 85299 11956
7389 18
7893 19237 73191 8061 65733 88532 23459 77292 57523 43180 52922 50251 96539 55750 24479 6141 18996 28797
8750 18
56668 83312 51553 34853 32270 58401 49185 92134 9468 87766 88161 7264 22364 44610 38092 31847 74777 62683
8939 18
25643 55908 44654 2056 76353 64537 48457 13825 41333 30787 80457 26599 66328 26683 57370 49303 7130 6110
2664 19
84514 73448 52093 47589 69525 70202 65434 54995 57718 60287 80596 47150 30059 57976 31295 39531 91693 73485 96111
3435 20
40744 63873 88635 65899 94982 15999 46932 50797 92450 68538 91562 87263 45946 22634 71378 65026 78060 50652 98917 5748
6189 20
60912 27544 84448 29089 72577 28025 16253 77413 99320 57806 80523 27676 55154 73003 74773 38508 75602 35114 35704 55709
3015 19
59103 44696 4840 56574 18432 34244 45619 84758 55366 45093 94206 10788 50932 62459 60802 12014 61320 57506 32227
904 17
26397 64466 44808 71323 97527 1135 16486 53568 37057 31208 90569 86297 24713 28012 62617 7538 96928
8728 19
71936 33260 56671 10134 69082 72584 50050 87702 35881 65433 35203 73194 74978 32405 74374 47730 18116 81479 15654
4188 20
55107 24790 78967 3949 74653 48855 61295 4685 65716 9776 98086 53254 9443 94512 42996 95029 61376 40737 78816 49469
7197 19
40527 45087 60373 33752 22905 79354 9789 70548 50884 57881 37221 57825 47711 29183 23852 35493 32052 17486 85002
7709 19
24499 58854 23021 91415 71892 6194 78733 53259 88615 9816 67654 28069 99195 56021 70512 69407 37972 80735 17174
4378 18
44623 64562 2207 23163 69089 40831 89021 31338 37332 55389 77216 23740 47181 50300 94117 74253 45318 15744
8531 20
51681 81979 29678 64312 76901 36364 65222 47191 18210 98543 52444 87376 95539 36051 1931 63130 30210 179 31881 45256
2054 20
91659 6185 1710 27668 15150 57039 78287 92636 44097 85047 64013 2201 45711 64706 78222 80293 59767 93387 94677 38213
8679 18
53446 4751 11756 72708 80923 59905 22541 95335 9977 8456 72105 24578 31354 84389 32609 91990 69152 80286
6712 19
28022 4014 87917 10214 14454 8461 90135 36804 55337 62255 60773 85203 76611 89403 4260 15454 72059 82890 21673
5036 20
45519 13644 30645 579 40914 9900 39903 77929 46328 31959 39032 18083 92696 85664 58639 53126 29604 13524 52674 35359
3313 19
29810 78315 55400 69247 39101 27001 16056 76838 15087 21240 61534 27145 29372 97791 86764 13500 54001 15393 12670
1561 18
71237 18027 92126 30326 38789 92091 53032 25619 9880 16710 37006 16984 58267 87458 90433 5669 27889 37612
3433 19
5421 80172 22651 83669 71399 60305 45251 19146 24680 94544 98998 95524 66059 93282 54041 36726 29242 18941 75651
2830 20
43765 2816 11521 85802 50999 24754 93477 73779 22923 69904 27169 81508 52506 62515 66058 17347 2023 74125 65030 3571
972 20
67802 41005 15185 17859 16153 43377 42783 47495 67061 90445 71103 60423 22442 27474 2389 2497 23737 55508 54586 35199
4951 19
83976 17051 60464 47056 80866 60946 68640 84586 17168 54317 81802 99435 9077 96872 94786 97325 4648 58531 79988
1340 18
29399 66307 48422 30989 2184 79385 26338 83278 46563 56105 7179 2239 11220 7227 9369 18235 42587 70815
7416 20
7481 8933 30947 35747 88622 15806 98612 29535 651 39798 49827 26074 89393 69510 54922 64444 60220 98283 65077 22780
1708 19
97263 30138 63266 47750 16336 67395 79508 30200 45679 35718 13969 73555 85474 42746 55210 93112 5363 7109 30026
7380 20
49526 87971 86398 35840 90981 91080 86337 28082 38921 37914 77412 12342 82460 93267 2230 31465 60172 64757 60646 20947
6768 19
75757 30783 88814 60876 25946 13245 9259 78517 55850 31678 52805 91538 75672 13673 83608 82863 50894 46691 63908
7484 20
6999 97413 24604 33011 51693 30428 1233 62288 499 68859 33899 35042 74915 94567 31262 13048 89053 83090 80159 27513
2384 19
83871 92352 32593 89392 74373 28226 15032 65527 75040 72828 84077 34763 44035 6258 40514 66377 40138 47168 52570
1065 19
91882 78289 77947 87160 9015 76483 33295 93966 56400 59899 73016 39346 36080 88148 54970 28543 50281 95946 9836
9836 20
92220 84746 85288 78858 65991 86374 32683 72558 64956 46523 15151 10156 79991 37094 54368 34747 49563 32046 63244 93608
9487 20
24335 62805 64606 54543 32525 26750 6038 42850 75819 98040 76083 30970 32426 32950 35812 9282 2958 75389 72923 52169
8591 18
55863 31112 79328 4367 78446 84079 30074 31632 50910 10379 49613 94483 64419 60267 2595 92938 60237 58214
7491 18
32661 60681 24104 29611 67568 14389 89044 70505 75423 39743 25513 21049 39338 6316 43424 8221 48935 69142
9737 19
84487 66868 71264 55201 29563 14225 67947 29742 72656 41855 29309 58047 71043 38358 86655 6091 67536 89434 48490
4275 20
80892 21220 71821 2809 60857 70417 46631 63686 86342 4338 99148 47970 86091 95189 32042 98905 39744 80800 93416 92110
2798 18
62930 13972 55073 74714 24639 25320 5547 39151 90997 58337 79291 7485 28463 96876 51701 3363 2298 36023
1962 19
84765 44428 96281 30483 58664 62671 37278 2502 82765 29826 73818 51671 10878 68175 89879 69742 78135 96098 73637
1928 19
91387 30272 13849 71206 2137 78401 71220 98559 37082 56262 28227 7612 9633 16058 97196 29389 35298 99276 83502
1959 20
79779 37814 37462 66986 92586 8816 30360 30904 33065 15504 65440 26841 80465 40740 2558 78377 22070 6488 58849 26926
6702 19
32460 18442 19296 36390 75983 89309 76843 65657 25794 46273 25065 45821 22817 81785 41999 8808 93166 63639 50753
165 19
28355 6338 76135 77458 56855 37089 82111 70232 77356 91426 57068 78531 81958 78600 71402 51720 33518 88798 29967
875 18
45012 34973 76351 22879 58702 16430 83367 19725 25801 7369 69768 50280 23244 1076 66502 18696 24063 31777
9221 19
19985 74554 52725 76388 57012 67088 26344 24514 70487 25306 29873 83297 90500 93774 88825 8245 86722 84026 88738
8922 20
18982 44118 39595 20304 42017 65273 54162 85397 77920 96594 67842 65981 41981 66324 21587 50624 89647 3565 81571 84996
6700 18
58255 8858 6836 65625 20001 11380 7419 90696 14219 56261 89962 86924 75605 37540 19502 64347 98647 52307
7793 19
18067 76605 64014 72487 71042 58735 94310 20711 73878 76578 32914 74441 85846 61304 19140 72328 45180 31285 32793
2759 20
59588 22593 39908 39207 10911 20900 90412 49471 43513 33693 89978 76238 23179 90172 18178 48522 23359 91442 32169 59994
9060 19
91847 85768 78524 75184 30539 49125 82115 73534 15588 17460 39421 2832 58438 32288 28418 3631 51498 47744 21954
6937 20
80846 60107 85692 33859 47247 36164 97743 63659 15426 2814 90470 26012 20272 64550 96138 44769 89923 62652 62072 6552
3940 17
21728 58153 81194 49524 95469 46368 93821 82599 86701 31355 97083 99161 37621 13590 30845 15831 94706
3250 19
24436 53961 2956 87903 84792 18470 82689 74616 15285 3942 37840 41381 86017 13094 83947 64919 85404 30398 58421
9793 19
22105 66386 66722 41565 75649 86745 35267 55245 33714 89104 62251 34477 41827 65939 79106 20778 49750 16158 45172
1991 19
68417 48448 44969 73953 60564 10423 17969 94371 5893 85632 39228 74190 66087 17214 39315 64320 86998 19294 94589
5311 19
52285 82953 88308 47594 41168 81510 85283 66267 5980 27 56186 75001 73422 26765 71301 37385 40337 31674 76763
6468 20
45359 39842 33024 70998 12308 38772 84678 6743 52653 43956 60710 5418 2730 93445 85490 29476 3664 81275 15038 68680
1267 20
96082 40834 5885 17825 66432 592 13994 9506 34469 53688 67886 39525 30878 9453 91226 2829 82685 90776 62486 18473
7602 19
19354 55866 92992 68971 35322 8564 57756 69532 51179 35406 16194 73009 66308 93420 84010 62940 24569 46366 20107
3525 18
60690 39839 22992 53202 9648 88124 26248 89782 33222 28338 90138 54655 11729 72796 4701 97816 80204 99793
9618 19
98375 59376 22615 62320 89076 98974 25482 69299 8646 33397 9983 82354 44304 62769 2458 4238 94777 50619 84855
5057 18
35107 91836 26128 52320 92737 37004 98302 30101 20724 37723 10394 54671 51615 27485 56288 56493 69573 27927
2325 19
72250 84942 356 77998 99729 88131 62375 164 62261 29651 35649 7115 9016 89195 78626 28641 96724 99825 67783
1379 19
79392 29568 13597 40691 18061 94194 6759 5584 50975 70157 99303 50974 98744 30402 54450 35731 91675 33885 26558
8855 20
45960 67913 96934 53255 91202 60260 33684 24195 2662 89841 710 43567 20054 77332 83507 52502 38041 28196 24800 43694
7287 18
9724 70999 31373 51665 31985 91452 47716 75752 53773 35972 12943 35538 56179 67875 18785 41289 73935 84244
9980 19
18809 65687 93626 26187 62181 65284 95073 54620 64647 67749 29629 71117 7725 13131 75845 76719 27823 678 90109
6104 17
65616 85380 7215 1238 49483 99545 67613 81810 88630 89997 99653 37938 96143 74752 73511 79905 10205
1537 20
12074 74527 77438 97801 42729 69114 17099 87307 72268 83836 48693 91907 37321 33275 10681 61374 2729 6451 54007 86409
4713 20
47016 6256 7840 20958 42024 16018 15233 2430 4500 15110 97498 72070 79089 86903 70362 18798 344 55232 20393 76521
3629 20
64501 6044 93128 21168 5750 51851 12758 99147 72472 66715 5300 70113 88364 4753 68531 16242 24513 789 26714 44889
9985 19
18118 81477 4521 57997 13262 352 5474 86708 46976 27065 39791 35989 95315 94829 81469 44342 43277 31641 71651
415 20
35870 4159 54775 23893 35379 51182 14555 81386 31832 20048 51525 89686 32142 5888 27588 38207 61405 48942 16613 33165
9730 20
70796 86731 32356 95043 24739 46789 55585 90332 14811 77896 58576 22331 64189 9781 93533 11655 97708 19222 53014 6266
9 18
31528 35949 67053 75171 83380 83907 38744 64402 51373 95375 90178 21205 15538 91115 73654 32264 18888 72742
183 17
11397 43021 21933 58566 22382 57239 12614 88463 11152 49796 13504 83777 95173 69806 65872 24770 16414
2442 20
25730 31444 98604 99505 4533 40660 84503 48399 73543 58775 27609 48214 16842 48981 16400 72868 69852 96549 62385 9663
2349 19
24419 62182 80646 96688 56039 2522 82078 35580 33724 37734 10765 36751 66289 42943 61782 60156 42535 88663 287
3995 18
98541 66268 50498 24720 41186 9532 17806 77398 26424 89267 26309 15730 11629 83365 88766 50262 84043 86451
3445 20
66283 33382 85296 27253 4892 86625 37423 4035 42696 51247 38675 64997 54121 96884 34801 81792 21852 44515 67596 61680
8364 16
4091 72560 11546 41327 12066 97319 83689 61859 81998 88838 24009 60410 96410 97865 57450 27425
2596 17
7317 27348 55132 89768 92388 39432 77235 99463 85984 76435 81132 8770 61967 62448 99555 34838 27542
9806 19
27565 48636 63040 3034 66069 91531 51194 23799 7833 5897 90405 66792 75753 32539 5999 25166 49240 26491 45685
6550 19
31067 94970 97138 11530 10051 49892 65313 33058 35700 97857 63103 12759 7958 93066 57286 85050 80912 57527 16395
9937 20
19533 86547 55483 32255 16797 71638 23664 80087 93171 73695 93635 64210 93406 8300 66338 27017 67641 80626 33274 65351
7637 19
97166 3599 81221 63042 14319 13345 64449 55467 90300 63221 72436 8429 28763 76630 57007 81661 44301 11312 48679
2493 20
79579 43399 33551 40108 33432 63953 57871 39918 4729 32355 48818 42085 15829 74389 35806 95617 8519 76814 83473 58246
1586 18
81029 6839 75129 9184 99143 70460 72033 30002 5425 37911 64819 98168 59150 45853 79629 46358 91872 42446
1420 19
18028 88102 76512 26410 46426 72371 28783 20791 11526 74425 89894 27803 24206 24401 80524 39276 82035 1597 84686
2274 20
13812 14237 706 95580 21433 5724 69748 51872 81383 18594 45754 5336 83970 31581 20424 95634 50802 71022 89548 68863
8713 16
67293 28902 34916 42292 1490 80978 43209 30057 79029 61429 34939 23882 5124 10372 16942 72714
379 18
60701 50125 83468 49135 86948 58268 97853 6458 93399 40299 48493 89172 32075 47267 39454 97232 72588 64684
3675 20
13161 6693 94843 34774 36141 8365 70481 12 52467 21984 82226 36585 81188 17439 32384 94385 66608 35061 78234 40539
9785 18
31183 33629 80556 94109 90252 44001 34944 3574 53629 43724 59260 82138 25684 34697 42219 18022 21399 6695
3038 19
77961 6670 78023 15187 87132 74535 69583 39175 6021 35781 77621 54771 85081 83715 39108 15116 42724 87299 88556
4513 20
38479 11304 88072 63081 49050 47890 85018 71928 28662 52031 38189 60769 5672 48415 77628 22984 40848 4090 60048 38979
836 19
88896 79309 58737 46794 32937 43994 33905 95451 26497 48816 65475 11472 33446 21077 23010 42037 65888 66978 56437
6134 20
15983 46847 8314 28511 15130 16441 88845 58272 83989 14464 20223 72197 54442 53746 59575 21341 3 84770 93362 17304
5971 19
30555 74513 22135 38344 22971 48281 36326 83747 29132 37400 66882 70249 59170 46878 26586 29902 89985 33269 17058
4271 20
12340 43577 44465 20987 34348 86717 26395 68113 61454 18754 16292 54256 24347 71604 48279 11583 29450 49633 28379 1111
3177 20
11779 42259 8418 3463 36917 77499 35387 41280 95748 72611 53291 87898 3862 47795 6937 20571 95194 70659 22071 61995
177 18
56212 74013 32108 95196 35086 79625 68856 24856 58466 58838 63728 86060 38787 41033 859 56541 722 45612
4040 20
11924 65694 63898 21499 8867 26095 45873 96219 82759 22430 66779 98640 52041 99214 14432 67458 89659 12231 34899 30424
8834 20
57592 17043 26969 32461 94166 28952 73288 27790 33122 20112 24810 29971 47838 94079 27208 15140 69488 66250 80124 47536
5621 19
7845 91081 52140 80098 4633 32620 19098 27127 14822 59919 45934 60026 56717 78307 34928 12746 3209 28194 94534
381 16
83622 64923 75098 86835 13349 17315 41769 26995 8747 2754 40665 7 97925 3837 23543 78218
9395 18
63323 3728 38865 80327 73868 72621 76918 95505 47997 74230 37366 74413 50843 11216 84421 39446 26482 72655
7558 16
50669 15352 16721 83924 4395 10365 15771 77763 60484 31456 29185 39203 76618 65987 55276 44963
4241 18
57750 28901 87208 32512 65406 11817 80956 62174 23074 94093 39604 5812 22983 64581 63342 69432 16678 72229
5628 19
56090 50978 65347 37945 70848 2466 93725 49668 98738 42200 62968 70865 65848 60959 19434 77697 4356 42494 20184
5498 20
16055 64137 32421 90750 91118 37239 68332 7012 18596 69515 81710 82501 49611 41495 80265 59315 49936 73984 67497 73460
7557 19
98991 89518 38895 82235 56578 40655 4837 39949 75834 86238 31883 71193 6468 45739 61791 23140 31895 90708 21062
7541 18
19940 11479 5324 20145 83579 90316 86275 13215 52966 36106 83095 67202 38348 39512 93685 89555 9812 36777
8982 16
59681 5325 76643 66278 22153 79323 47826 64244 87726 39197 80064 89082 86490 20310 61247 60915
1618 20
59773 41190 19733 98289 34808 30245 30016 59552 97250 2216 37148 87687 89628 27330 39408 52505 43601 16210 36 81907
8784 19
5372 50502 51993 30512 10223 37047 75460 82046 87260 38343 67980 54925 20152 33089 79063 9527 92449 65022 20149
1045 20
25087 95978 63622 90560 17105 20595 20566 77344 21886 41485 44114 54028 56316 29992 43439 87873 91949 39892 38313 49560
5459 20
8289 36297 7251 74593 46840 39300 98948 15186 76319 71312 56292 69708 62777 25424 36989 74022 28672 32933 1242 95151
8705 18
90488 10597 30052 6164 24516 10174 76391 95673 92879 32535 96302 36907 82756 90814 38588 96945 60599 78570
1670 20
93037 3093 23129 68278 68239 63980 9793 1764 51718 56610 71716 2236 38845 74694 16775 3253 68138 7834 76288 4625
8317 17
57395 84694 21796 63626 44701 59359 44934 55462 82157 52107 43630 48987 55447 51053 23557 2789 87424
2560 18
47035 42077 50332 87694 47585 98687 3919 90653 30532 53012 46678 9355 23625 36243 54891 57157 61536 12033
2929 17
44911 38703 21993 43243 46862 35499 81535 91547 38518 30469 27465 70385 27023 136 58328 54481 87204
2590 20
70859 59603 54953 97615 78111 45635 34053 37688 58315 83513 29997 5742 48875 43951 45069 24522 66541 90452 81087 42927
3340 18
54815 8177 76201 82696 96673 23964 7453 31484 34884 77225 45755 66710 37866 89643 46621 64382 33191 1489
7037 20
48985 43135 83890 53124 91291 65088 81267 48839 53984 99397 76844 43065 12469 56971 5450 78772 47961 30514 80734 37019
974 20
50584 81788 90806 36841 18860 95871 29246 2107 8501 18023 52218 59834 5647 34577 75170 59541 44538 50200 81697 52876
1120 18
23815 88529 56255 2804 95433 40692 97012 32711 46760 41930 32836 71055 19989 77685 76503 16512 25925 89004
7088 20
27637 27839 67545 94375 8412 24928 57061 21222 29514 75544 85703 10166 97301 8631 42899 42986 58188 4075 45307 23859
8429 19
85646 78313 31461 78878 23975 89881 89449 62183 57694 49799 51622 22533 46195 90302 63330 32858 28795 99216 33232
2922 20
32682 19408 42405 16526 26814 75524 30076 76311 45653 33656 87058 88220 72829 72305 9446 40862 51794 33208 62828 53663
7512 19
13473 35094 32530 90572 74 60390 8122 88722 26310 25400 45226 64121 2705 76456 76140 50160 50060 93792 63912
710 18
41439 73247 16156 8472 91857 23589 37706 36167 84620 31415 6486 32347 964 9437 96023 42805 9638 93989
2495 20
66336 14896 26985 27764 47549 76494 1722 65060 4707 68844 36009 45994 22049 98988 48434 92082 86643 75157 65423 86359
9647 19
6639 22523 29392 20992 36307 77077 15121 93830 46419 36874 25354 35547 69201 14951 25514 24037 3723 95318 47109
6871 20
31515 12282 40071 80127 47629 599 75548 36149 87851 67662 59246 59306 42836 16615 74615 74736 66013 39044 21581 13601
4718 16
87945 60111 64054 2682 83680 60546 81914 57634 39645 59091 82377 35082 6348 89123 7340 59524
4630 19
57171 66660 7100 84525 91356 7177 43959 69243 368 47610 28823 84719 82768 72945 79817 48216 29479 54033 67946
8696 20
45104 44776 87902 38304 86267 17085 89554 3876 35619 77630 82092 2284 24855 94634 78115 66416 82577 5076 42488 65791
1692 18
1643 13679 75801 12711 51199 56858 87509 17111 19384 97683 36480 68516 56466 3721 93935 93036 44581 45606
3454 19
19304 98346 52330 32422 7321 61351 34871 4898 31384 65309 65362 79703 65984 84783 9148 19732 65778 55062 68136
5239 20
60165 96215 84253 60645 40472 93034 31060 98401 77922 77815 48604 32705 72887 77807 78457 85295 84030 20909 84346 99630
4646 19
64540 87555 30050 74853 61007 47445 36223 57217 21572 8376 73883 37218 99991 94651 61592 89958 20136 89107 52237
9800 18
29458 37308 72334 97820 62235 27170 4382 72219 83343 21735 16573 62670 39110 84088 42314 65584 29173 87909
2023 20
14117 71120 44072 19183 89505 4709 65821 32472 68558 68773 10811 25754 3966 64230 17888 65288 29948 80121 96004 16809
6851 20
6744 53761 29042 88250 20274 4614 34749 58695 75112 67363 7601 13616 88064 75447 10565 13606 19728 80767 89482 10621
6588 20
60125 42352 75995 48982 50826 98341 49067 50809 88210 7618 82960 19537 66794 38766 1988 2159 75758 37636 47631 36766
9294 18
97076 89243 16973 96726 37909 72711 7009 747 42080 23597 57516 42870 33522 37479 48181 54341 57295 87581
984 18
5364 20155 38364 55512 3149 62866 64584 78657 43392 10131 43599 98443 3243 29093 67207 26821 73305 99627
9277 19
82049 1677 26618 1404 8730 75269 76296 24431 17950 52765 98478 95698 61344 69537 85535 71851 16941 32901 4990
1550 16
46278 95024 53781 68279 27391 76247 9830 96794 40400 39689 33528 55633 32205 94711 18735 38858
5202 18
60356 31782 65496 19273 18250 84690 86155 21096 62898 97824 34541 84619 87187 58369 24818 58381 70761 15311
5654 17
58774 83268 55252 59164 47669 3479 80070 13720 42559 26060 49319 26456 87670 89846 8560 10907 94010
2219 20
16839 45423 64114 80060 30534 18150 94060 81731 6981 21066 22834 53090 32374 56046 79506 54038 56654 47192 55360 55321
1349 19
28366 82237 94002 17539 42110 19353 22375 74174 32056 11511 45850 75381 86640 56202 50069 63894 8164 44508 75694
9582 20
62732 76051 79771 18295 65333 80930 72460 91380 38096 57117 71517 26027 49047 15781 84645 82593 72058 75325 68781 25539
54 16
84312 13920 72890 67037 52778 66803 1443 25896 81349 50638 42403 49211 97254 16396 30585 24468
2708 19
96552 14008 96343 82422 64931 58419 57484 28024 43114 14779 73774 74184 37677 39506 42940 34517 56282 83932 46311
1551 19
57630 56068 37223 9404 57225 44066 8504 4790 97317 88606 2684 60973 68416 97265 12481 34746 51535 41567 21609
6836 19
43972 7098 2475 46021 73748 60963 76334 43887 13539 16538 9803 11927 34777 8810 63685 47880 44567 20434 39964
8477 20
1345 74320 2488 93866 31932 5189 77580 98545 39721 63522 19176 92382 94715 77335 64335 42039 17685 17832 68110 69391
3215 19
97697 87041 85996 87224 76153 17979 23408 56506 29694 28626 16565 45484 48973 12289 94834 9127 56551 19258 85233
2943 20
89074 42824 10040 11954 14627 19155 34734 38998 44522 36728 35038 56395 4916 68429 61497 56722 68857 48077 8051 90985
7833 20
80729 25955 81100 75439 55296 48921 27970 15040 13413 77924 28263 13335 951 6455 65603 28929 76171 17284 82706 96292
2394 18
34607 94214 47576 1998 96142 36757 40639 83514 25967 63799 43263 6758 12871 73569 20575 36193 9796 29201
6976 18
81336 89056 97336 97119 32712 11231 92699 56081 89120 74902 66507 2163 80822 34239 26150 64849 60936 33516
3597 18
95110 76133 40462 11413 10118 12667 15572 44464 37962 30212 43181 73670 84345 26650 90342 82493 55285 59146
9182 19
30453 70878 58359 74689 70696 44973 90879 93808 31401 95891 90723 85098 53019 83200 37440 69375 22630 52385 58196
3626 18
48568 88247 43673 83171 12872 93140 35013 93048 64512 97070 18769 71046 51156 44095 71871 36207 60051 47103
8738 17
20614 89237 2052 34438 68221 1081 46844 42857 485 33701 92795 47390 88550 10840 69069 36519 41936
4787 18
76752 1381 40308 68613 40 44414 18158 45187 16997 36092 12470 3134 42675 82779 27898 20830 18393 56766
4813 20
33141 53605 80961 80938 1619 79227 4381 94508 44893 33887 92336 48889 56513 61968 40613 81110 46409 80023 70504 4925
1966 17
96754 79121 69105 22877 44201 51362 89946 14222 32503 83275 83505 57809 18759 42289 78308 8523 60672
9974 19
84938 3130 36531 67287 65344 74953 38381 92066 90364 94198 98977 97944 96448 40907 44834 79498 23324 99437 98201
7218 20
17868 91340 67526 75619 53763 42873 45458 41014 51664 46565 9385 10604 21624 32922 7404 68180 19101 49821 58235 88476
7839 19
80364 94038 56161 24635 16484 99122 66130 4628 53652 33866 25222 33645 60653 74508 26812 99997 13704 25682 67734
3428 20
69864 51354 47401 36727 44929 612 49856 28439 49358 71379 88298 97430 53296 25787 94797 87468 63123 56796 39161 61709
1899 17
1716 58204 57857 60303 62989 23284 27669 20237 38591 18414 54589 9339 3380 93748 42150 32672 25893
1356 19
49706 83283 15920 70779 66975 52190 89796 7850 61543 74453 98328 40507 63860 73445 57786 77787 1718 74656 13975
7533 19
37097 54296 20309 50358 32632 52756 22825 52024 43745 95154 12511 46742 49380 69426 70435 43403 61163 87845 45926
9963 19
66242 13534 51392 74257 11101 54749 23537 32448 43895 55717 13159 34741 1914 99824 27003 3471 47722 9928 35723
6017 19
23138 80407 24947 47062 908 81823 13927 27909 76518 76080 97607 46107 90235 99079 96869 90217 36596 44017 99549
2541 18
79040 25662 73929 12444 32094 23352 96147 12038 54239 57554 41831 43459 98796 59039 19302 29965 14967 5197
6235 19
54675 89751 51514 33564 14188 98310 21213 2510 23126 78483 27975 10813 20599 67868 16201 74048 44347 85956 43368
2953 18
5542 1125 86686 59967 16549 22626 65556 52164 33749 90341 32942 90514 39674 40676 31856 16562 26084 15777
4473 20
4317 26005 42415 53865 81713 73746 6122 49167 71325 50259 43064 18569 95684 23389 80782 91984 50710 51623 62394 77021
2995 18
21413 19261 1247 34544 74081 63121 30414 52146 9318 43436 52134 30202 18246 19577 57138 5441 84242 5274
1316 17
8399 40854 2024 54062 31724 11195 53426 91966 76036 42573 9602 16101 88579 27652 67807 39821 16199
8530 20
5892 32631 87719 53582 59089 11503 88957 26138 81373 16064 2304 98024 20859 42760 99723 19448 22968 96213 27044 82458
6464 17
71231 73743 7568 58880 42483 37271 70117 78557 88610 49221 84763 73781 7421 42093 51166 19163 8972
1557 17
3194 5543 23157 5566 79620 85028 13668 8127 64895 2858 11168 49134 60485 657 24504 23294 69284
9821 19
63208 39547 93674 39084 53120 59651 91297 21714 63571 78544 58818 32324 81806 13743 47720 77756 98068 95071 50004
3837 17
22974 98230 27601 52789 9470 77605 89564 62685 64520 64117 77213 81538 1730 91342 48163 76390 25504
993 19
15551 73163 98571 5913 82869 98506 73605 65658 93522 37640 96099 76936 62743 2896 1939 61584 3923 81791 83276
414 20
58203 57632 4391 13209 3857 43849 35170 134 11876 30257 12491 47195 55000 72431 82540 67594 98692 75477 78367 61099
72 18
78903 86298 46450 48253 11162 4881 89314 4102 59615 12452 91093 54942 91784 17698 60433 38635 16099 52737
6215 18
4949 11421 16553 29973 24129 94148 52762 23386 4744 17113 56408 45216 67089 94517 2140 14576 49415 96662
4871 20
29616 42134 12492 79041 920 2030 55914 58146 52743 18945 68337 17652 50357 11543 10014 98377 83073 72701 17164 66996
5091 17
44496 69124 79615 89906 31388 12683 8330 25414 38037 28866 10382 88734 57384 21570 39856 28304 65945
1721 18
96680 1328 12706 97360 92021 75648 29998 26762 12941 13436 66601 979 1271 9681 6368 45900 46182 49144
2737 18
78710 64827 77444 43703 3905 33748 31512 9560 89450 40330 46156 13839 35484 3325 25708 80130 78758 87118
1334 20
8339 45848 5880 41435 18461 22186 83091 27934 55424 15579 63640 69265 56533 95044 26470 61348 6596 40785 90367 90521
4717 19
2654 56201 43891 36568 51880 86264 65413 67252 61563 29078 61195 68665 3319 28190 81351 26828 49956 12998 79767
2235 19
56327 91372 65586 90978 75038 18597 47269 60651 81026 39343 95174 71171 19971 91502 94805 34107 4980 31664 24426
6636 15
997 97223 1816 71874 5454 54092 42641 34089 60066 75695 95361 47982 47875 88953 32592
2375 17
37447 20658 50227 93719 68368 29920 15912 72883 59676 34782 10711 66067 7137 7000 81737 11564 72134
2783 17
52842 14714 23568 42792 38236 63986 93047 86454 85089 50528 71281 441 76368 95945 59093 17055 7560
8005 19
66483 69565 43568 58998 63014 54867 7518 22715 11769 59779 38757 80374 2171 50403 98798 75201 63729 44049 71358
8124 18
17381 63901 24203 60124 43674 73964 92010 96909 16017 91445 77569 47515 64953 20796 9262 69653 42355 93906
3742 19
22010 19787 98741 34927 38617 57230 40542 24138 38515 93305 12235 39609 10046 70768 90056 45008 27890 53473 43408
7358 19
8226 41726 81897 46729 45114 6016 34271 81543 63957 59605 65619 36550 65508 47834 46203 67570 34122 51487 88944
7843 19
20265 13585 40070 5667 17796 9698 15016 40884 99266 45791 44404 3970 75591 74467 31352 38684 42817 77573 9526
3868 16
35657 15235 15483 8246 20585 71860 88866 78867 77797 48204 36551 93556 14853 45565 79373 38492
1478 19
29736 56764 16091 59763 94114 81910 89956 95287 21990 70272 40915 99281 3165 94760 11030 44076 88154 29280 16541
7666 19
59732 10829 71368 57985 62577 83744 69744 43543 21917 23158 64442 72848 74893 4587 67198 12676 35764 6528 7657
5635 18
86870 71504 60210 72732 32143 58156 61221 25642 94606 21248 54205 13394 57236 85062 37473 76916 50090 23086
6213 19
63457 82724 77424 51875 72552 46054 9811 94635 13393 29136 63817 10865 58212 64840 29045 95472 40932 32725 82901
1432 15
43667 696 74840 44014 71266 92158 84417 39239 63003 4996 35888 39998 67751 26297 1554
4924 18
48782 56151 87012 93078 44645 92541 21951 44115 59614 66749 13354 99110 66609 33792 59889 71417 66797 6532
6079 17
81771 76709 22024 15659 16853 61223 12844 49 80276 77000 36151 26665 72673 97034 49798 10997 51612
8691 19
48126 46058 1012 87419 78477 55052 80049 33992 15480 50247 18437 35565 78715 29434 85175 55714 15371 11153 59290
820 19
52153 30251 17999 97361 27479 81969 60338 8452 20672 83119 26664 54419 82097 44633 86250 9376 88971 44370 66360
7984 18
27980 57104 78896 7690 88120 57279 44930 38861 55615 40900 91557 96995 97991 83098 59248 98660 60574 56008
7731 18
71930 74564 70586 54980 30295 72130 31608 32855 6507 36559 4279 22107 52336 19993 53230 89097 3217 63158
7201 19
1870 98275 46664 71207 33173 75421 7886 23777 71365 95419 2668 17893 97303 5891 81726 54759 22662 76802 38846
147 19
85475 25669 37483 37740 14550 37898 94927 55169 73296 53926 77014 63425 19749 10586 52718 22178 68662 35845 88118
1453 20
38811 17714 25123 54983 24651 15385 1339 56190 66733 39332 49749 28208 74243 59341 61255 12015 70749 68226 51412 22832
4138 19
7028 17444 97831 16048 45495 68663 55497 57207 45568 74424 92204 41421 96595 37046 59332 67693 34073 57000 6958
180 19
52970 22770 56086 71005 79716 75870 98128 53633 72660 31588 862 20863 84541 65750 57753 97815 87213 35394 54866
8095 18
90214 90909 6228 55875 22232 28981 47435 16669 56953 17722 4572 59218 66163 93111 92161 80424 13218 73611
7582 20
37525 82778 88057 33158 91952 74381 20934 1809 47879 48702 16226 21340 29878 84906 62470 71537 69696 47593 57028 77684
7838 15
41456 4101 76370 81182 44332 23853 32256 59223 34832 44970 67961 10875 34154 3645 23441
7702 20
69145 29319 10293 44431 42188 44954 8305 22798 23592 89217 68778 77442 95141 57316 84473 45200 81986 9761 5790 129
9847 20
83320 49572 25360 90236 76930 42249 40102 96190 98774 53569 51583 11764 67470 34886 83562 81346 86436 31148 37905 85170
5873 20
64148 49162 72106 42960 71845 30683 51111 80581 25664 54746 52916 10884 31494 76811 34432 68214 45383 97334 26816 11228
9855 19
74200 34698 60258 45533 55738 83257 14014 84226 2999 56073 89198 79077 94033 21342 31629 51479 18568 24583 69233
2610 18
65479 77032 4174 74761 49113 53356 7820 48043 25060 1382 39325 66708 52297 30494 10458 11071 48745 71113
2652 17
63502 9734 65446 65701 81516 91425 46407 67212 48851 15734 65834 89908 63606 44178 76209 31093 22805
6185 18
43886 64503 81670 94908 85140 10957 39140 88182 26521 13777 1550 75533 53631 80553 50605 4259 92901 49168
9097 17
96626 98423 66826 95707 79677 9902 94747 3785 68480 3683 69480 9544 30544 16676 19818 70185 85560
6979 19
89839 32591 40294 25493 71246 41474 41412 21211 57859 93347 43631 71799 15498 30325 18600 8991 3425 22906 76206
673 19
46508 50079 73053 37068 58881 93437 29444 44256 17215 72520 96349 42583 92933 59134 97092 4694 20178 65306 74144
5426 15
19950 72585 5925 89167 48107 8856 28081 75702 80783 45328 51907 68419 80817 72459 94840
29 18
66311 93750 80532 68449 68691 12708 33042 33336 55674 69361 77682 80009 77350 99675 97733 50056 23600 69534
9053 17
40703 1638 16455 71014 87880 85879 5886 60614 62941 5280 47051 99762 76721 89802 55265 21702 22199
4535 16
69520 25667 58582 4879 28322 66425 36600 96236 81877 57008 7516 23752 17603 59703 30949 28816
242 17
20744 36153 23468 45438 19002 89742 395 17280 70018 43269 189 48235 10942 86949 10820 78106 98978
6960 15
71899 72698 6247 54459 50433 19748 38352 67911 10844 14405 82588 99689 69862 36781 61486
4758 19
41803 74497 61417 91216 26076 94218 71749 2686 4552 92408 54287 2051 47525 99010 37923 24709 33654 23928 84347
8887 17
19827 89506 96383 74971 41297 12560 73556 42539 69321 45450 63045 67211 80223 26988 19482 87881 6956
4386 20
55589 63486 76411 81146 55159 27770 25605 74910 8144 51559 53983 20278 41768 58984 51286 70149 2757 1441 41057 50686
416 17
58698 27052 96196 71411 61397 80870 57140 78548 10280 19674 84065 82929 97542 348 1508 34561 85782
8677 19
61954 69066 59762 36527 86212 63444 75934 84362 98603 95939 55736 27075 87787 11813 57476 65537 5765 70719 54100
2595 18
7402 43589 99774 47277 68600 24051 65394 6211 74434 14294 37988 53077 85163 32210 21527 56102 58789 4574
7819 20
71839 47416 45905 42215 86747 20549 89224 58796 8183 21414 88097 60221 53006 32704 39170 1367 86604 37514 85469 58040
8839 18
73517 25692 11548 17418 13780 15830 48420 93992 62467 25978 61444 4964 30601 66404 24954 80409 76776 79479
3764 17
51167 71135 60695 26712 56429 60792 95518 6181 85103 89748 75741 86064 33508 84960 6290 4642 76664
2297 17
54343 32352 72402 98491 61759 5511 19238 67018 42504 48161 70960 26037 20451 74118 6718 34902 44219
9447 20
89681 38493 38320 70663 34612 76262 38593 673 76725 33653 90735 410 98621 61857 83518 42871 20351 38150 14339 63821
5263 15
15260 64389 21385 34601 37405 35600 805 73291 41725 83457 63602 36344 27573 78398 90365
8384 18
76168 27699 79781 90223 24067 29310 15212 84313 67804 71023 67329 45614 84933 54344 4986 34713 69826 81966
6897 18
71074 14860 95402 56907 3932 87937 54263 83304 14925 28038 10856 48793 16476 43423 6564 73295 54084 37550
1161 10
41509 24904 17614 57095 50715 35684 83258 47289 31630 6615
7438 19
76815 42865 92491 86426 35463 43162 1137 85581 68645 89848 7093 50938 50115 74677 82920 59314 29776 60101 39760
5348 16
2519 16521 30289 22038 21795 60666 37958 63951 6144 30371 44592 42335 75228 9820 70428 92159
9027 14
57018 66363 80014 33279 30917 58873 7339 7881 65839 32154 96865 87363 65327 16771
8283 17
75797 34666 81890 96375 21288 69572 29584 52552 94482 91275 93762 84177 77395 778 93624 75951 13885
6644 20
89990 5281 47332 34217 62465 60249 52990 35676 87633 79918 10816 91504 32722 59710 2164 43182 67532 39066 73905 34688
7104 16
88759 6640 92978 52594 31313 13281 11303 2984 61556 50761 86511 80549 54403 72320 71194 26014
7078 18
26141 6535 83541 64421 29359 73397 74044 43578 18627 37913 2187 33797 51012 94088 13571 64525 61642 65959
8505 19
75626 63958 99498 82264 91543 70781 51950 10869 40259 35399 62215 86182 80284 4848 44883 68816 68405 53693 64527
8917 14
38007 42526 65614 3456 18745 40941 32911 22365 10177 60134 61097 14901 6604 39083
6253 18
51545 77863 71436 98355 43682 83025 10342 25956 34810 81202 51490 9713 56995 98882 43797 51496 1822 96307
7281 18
83800 35664 8971 33026 4425 12771 39968 53518 20628 88047 87511 64213 15340 27077 74003 92440 3009 26693
8409 17
56398 70955 30021 69191 82810 98392 19868 16772 10599 64630 65606 59291 36205 38604 38887 86197 66290
8791 16
77912 68515 86695 40812 99958 7772 7524 70762 58323 55805 10195 5851 95022 67079 27407 89708
5523 19
74547 37009 44354 48363 89131 80571 65454 20012 82572 33580 36834 31078 40020 31675 67081 64293 17531 95018 18711
8449 14
80146 8130 14558 20646 63841 28274 39740 1067 45138 79160 6551 88496 18333 150
9128 16
20291 77778 6199 26264 22056 14032 50738 59735 76510 41170 48531 56152 90595 43449 6763 88368
2359 15
60259 9508 63497 55889 14067 30503 28632 98686 20678 83803 78319 12451 19053 52615 85810
8758 17
45583 57507 13373 66675 17985 18403 77120 95727 74958 5445 51760 88026 60299 68057 49244 24925 36492
2754 17
4700 52108 98693 71756 65435 63882 64036 86571 69218 60594 64367 51675 81834 35310 65303 70011 47424
9772 16
18994 45682 12919 10161 77264 10639 39849 1331 90925 70656 41179 71956 34725 20394 95372 63725
6063 20
67622 54575 95598 78200 1266 67848 85987 96428 9552 48962 41516 79788 66962 51504 36058 28199 5828 91877 9218 50947
1634 14
75776 5282 69902 36241 18305 87092 15323 90605 2981 57740 34392 48779 774 42058
349 19
49971 55168 56492 92378 10212 83215 64201 17897 71808 87536 45706 18167 20469 93253 59352 73350 39545 99807 34171
5857 16
40680 94779 6504 44471 99699 72811 7444 22716 67607 86694 85184 65193 76320 58643 25390 32808
4193 12
82470 8596 16068 29869 52011 97482 99564 51587 58278 34675 24403 49397
7327 15
97546 91198 10089 66385 5377 72011 2444 80916 91892 85856 69788 7209 89861 23059 56397
5020 12
72364 28296 56306 24078 61717 97385 71679 84053 34753 23908 70976 11335
4074 18
75565 15039 7282 47160 92803 66165 33235 60749 39999 40629 87243 95481 87003 71391 95431 99133 87114 31062
8149 10
79950 87508 11281 71560 16863 59349 39297 46288 88199 42728
53 11
45897 1061 70968 56156 61098 2478 19871 60488 42293 67042 27198
5339 17
8649 63380 74857 93773 61805 57668 72427 40789 56296 11166 82022 57166 68007 21895 42866 58878 12125
2006 13
94498 96323 20664 3964 88446 79411 36998 16873 27157 75657 42790 96719 42447
9829 17
88487 86822 77453 56041 83501 32779 3990 21391 75869 47315 64120 67231 1070 11205 97558 51779 70861
9255 14
80757 40739 54473 14871 17705 12490 33025 1875 87929 29485 19731 69499 10121 82545
1760 10
14830 22422 39132 5901 58487 49620 40929 28953 82880 46805
3953 18
88667 95826 11603 5704 78057 66720 32155 54495 51407 64015 64680 15550 80813 95955 38261 28280 19290 8169
4705 14
9691 26982 37941 29112 92431 19051 33664 66365 24661 15961 28939 46654 58350 27498
